epoch: 0
val_loss: 0.6743089
test_loss: 0.69200814


