epoch: 0
val_loss: 0.6200464
test_loss: 0.6247195


