epoch: 0
val_loss: 0.6429335
test_loss: 0.67542994


