epoch: 0
val_loss: 0.6300956
test_loss: 0.6568345


