epoch: 0
val_loss: 0.6267103
test_loss: 0.65965897


