epoch: 0
val_loss: 0.6697986
test_loss: 0.6897377


